46
40
46
40
63
91
2985
2779
314
281
46
40
2163
3185
3093
2779
2157
3249
2261
3249
2163
3185
3065
3009
2163
3185
2163
4213
2267
3185
3249
2157
2267
3197
2283
3185
2319
3185
2267
3185
3065
2917
2319
3185
2267
3185
2267
3185
3037
3027
2267
3185
3185
2267
46
40
2163
3185
3185
2215
3249
2261
2267
3185
2261
3249
3185
2267
439
467
2351
3185
3077
2779
3185
2163
2335
3185
3185
2267
3093
2917
2283
3185
2261
3249
1359
3378
931
8481
3185
2319
328
563
2163
3185
2267
3185
3185
2267
46
40
2163
3185
2267
3185
3185
2163
144
120
2279
4085
2267
3185
3185
2267
2163
3185
2163
3185
1081
8597
3185
2163
3093
2779
2163
3185
2179
3185
3185
2283
2163
3185
2267
3185
3201
2227
2985
2917
2267
3185
2163
3185
2267
3185
2435
6665
3185
2267
2985
2963
2163
3185
3185
2267
341
4462
2267
3185
3185
2267
443
471
2163
3185
3185
2319
2267
3185
671
1675
3185
2267
2267
3185
2179
3185
3185
2267
316
2437
2267
3185
3185
2163
2423
3237
4081
3027
3185
2163
2371
3185
314
537
2267
3185
2267
3185
2985
2779
92
40
2267
3185
46
40
2423
3185
3037
2981
2179
3185
76
76
46
40
46
40
92
40
276
385
2215
3185
974
779
2985
2779
46
264
3093
2779
262
361
46
264
46
40
2985
2843
359
3423
2163
3185
46
64
322
401
40
46
2985
2779
2179
3185
60
360
335
8681
3117
3027
40
46
2179
3185
2985
2779
3033
2779
381
1421
2215
3249
3145
2935
3065
2871
277
1337
2267
3249
2985
2779
261
2354
283
7899
2399
3305
2985
2779
48
94
46
40
399
1489
2279
3305
2053
5234
46
40
2985
2871
46
40
46
40
3077
2825
2245
2091
381
4457
2221
3489
2163
3185
396
8762
2273
3357
376
5656
2163
3249
659
2430
46
40
129
68
250
68
5455
1710
2350
3526
46
32
225
6723
40
46
46
40
122
150
46
40
858
374
46
40
705
4598
2267
3249
277
8533
92
40
2267
3185
40
46
2273
3357
2163
3289
46
264
46
40
653
2517
